 start pl/0
 p   b   t     f   l   a                 0   1   2   3   4   5   6   7   8   9  10  11  12  13  14
 === === ===   === === ===             === === === === === === === === === === === === === === ===
   0   0  -1   INT   0   5      s[] :    0   0   0   0   0
   1   0   4   LIT   0   5      s[] :    0   0   0   0   0   5
   2   0   5   STO   0   3      s[] :    0   0   0   5   0
   3   0   4   LOD   0   3      s[] :    0   0   0   5   0   5
   4   0   5   STO   0   8      s[] :    0   0   0   5   0
   5   0   4   CAL   0   9      s[] :    0   0   0   5   0
   9   5   4   INT   0   8      s[] :    0   0   0   5   0   0   0   6   5   0   0   0   0
  10   5  12   LIT   0   3      s[] :    0   0   0   5   0   0   0   6   5   0   0   0   0   3
  11   5  13   STO   0   4      s[] :    0   0   0   5   0   0   0   6   5   3   0   0   0
  12   5  12   LIT   0   0      s[] :    0   0   0   5   0   0   0   6   5   3   0   0   0   0
  13   5  13   STO   0   5      s[] :    0   0   0   5   0   0   0   6   5   3   0   0   0
  14   5  12   LIT   0   1      s[] :    0   0   0   5   0   0   0   6   5   3   0   0   0   1
  15   5  13   STO   0   6      s[] :    0   0   0   5   0   0   0   6   5   3   0   1   0
  16   5  12   LOD   0   3      s[] :    0   0   0   5   0   0   0   6   5   3   0   1   0   5
  17   5  13   LIT   0   1      s[] :    0   0   0   5   0   0   0   6   5   3   0   1   0   5   1
  18   5  14   OPR   0   8      s[] :    0   0   0   5   0   0   0   6   5   3   0   1   0   0
  19   5  13   JPC   0  41      s[] :    0   0   0   5   0   0   0   6   5   3   0   1   0
  20   5  12   LOD   0   3      s[] :    0   0   0   5   0   0   0   6   5   3   0   1   0   5
  21   5  13   LIT   0   2      s[] :    0   0   0   5   0   0   0   6   5   3   0   1   0   5   2
  22   5  14   OPR   0   8      s[] :    0   0   0   5   0   0   0   6   5   3   0   1   0   0
  23   5  13   JPC   0  44      s[] :    0   0   0   5   0   0   0   6   5   3   0   1   0
  24   5  12   LOD   0   4      s[] :    0   0   0   5   0   0   0   6   5   3   0   1   0   3
  25   5  13   LOD   0   3      s[] :    0   0   0   5   0   0   0   6   5   3   0   1   0   3   5
  26   5  14   OPR   0  12      s[] :    0   0   0   5   0   0   0   6   5   3   0   1   0   0
  27   5  13   JPC   0  46      s[] :    0   0   0   5   0   0   0   6   5   3   0   1   0
  28   5  12   LOD   0   5      s[] :    0   0   0   5   0   0   0   6   5   3   0   1   0   0
  29   5  13   LOD   0   6      s[] :    0   0   0   5   0   0   0   6   5   3   0   1   0   0   1
  30   5  14   OPR   0   2      s[] :    0   0   0   5   0   0   0   6   5   3   0   1   0   1
  31   5  13   STO   0   7      s[] :    0   0   0   5   0   0   0   6   5   3   0   1   1
  32   5  12   LOD   0   6      s[] :    0   0   0   5   0   0   0   6   5   3   0   1   1   1
  33   5  13   STO   0   5      s[] :    0   0   0   5   0   0   0   6   5   3   1   1   1
  34   5  12   LOD   0   7      s[] :    0   0   0   5   0   0   0   6   5   3   1   1   1   1
  35   5  13   STO   0   6      s[] :    0   0   0   5   0   0   0   6   5   3   1   1   1
  36   5  12   LOD   0   4      s[] :    0   0   0   5   0   0   0   6   5   3   1   1   1   3
  37   5  13   LIT   0   1      s[] :    0   0   0   5   0   0   0   6   5   3   1   1   1   3   1
  38   5  14   OPR   0   2      s[] :    0   0   0   5   0   0   0   6   5   3   1   1   1   4
  39   5  13   STO   0   4      s[] :    0   0   0   5   0   0   0   6   5   4   1   1   1
  40   5  12   JMP   0  24      s[] :    0   0   0   5   0   0   0   6   5   4   1   1   1
  24   5  12   LOD   0   4      s[] :    0   0   0   5   0   0   0   6   5   4   1   1   1   4
  25   5  13   LOD   0   3      s[] :    0   0   0   5   0   0   0   6   5   4   1   1   1   4   5
  26   5  14   OPR   0  12      s[] :    0   0   0   5   0   0   0   6   5   4   1   1   1   0
  27   5  13   JPC   0  46      s[] :    0   0   0   5   0   0   0   6   5   4   1   1   1
  28   5  12   LOD   0   5      s[] :    0   0   0   5   0   0   0   6   5   4   1   1   1   1
  29   5  13   LOD   0   6      s[] :    0   0   0   5   0   0   0   6   5   4   1   1   1   1   1
  30   5  14   OPR   0   2      s[] :    0   0   0   5   0   0   0   6   5   4   1   1   1   2
  31   5  13   STO   0   7      s[] :    0   0   0   5   0   0   0   6   5   4   1   1   2
  32   5  12   LOD   0   6      s[] :    0   0   0   5   0   0   0   6   5   4   1   1   2   1
  33   5  13   STO   0   5      s[] :    0   0   0   5   0   0   0   6   5   4   1   1   2
  34   5  12   LOD   0   7      s[] :    0   0   0   5   0   0   0   6   5   4   1   1   2   2
  35   5  13   STO   0   6      s[] :    0   0   0   5   0   0   0   6   5   4   1   2   2
  36   5  12   LOD   0   4      s[] :    0   0   0   5   0   0   0   6   5   4   1   2   2   4
  37   5  13   LIT   0   1      s[] :    0   0   0   5   0   0   0   6   5   4   1   2   2   4   1
  38   5  14   OPR   0   2      s[] :    0   0   0   5   0   0   0   6   5   4   1   2   2   5
  39   5  13   STO   0   4      s[] :    0   0   0   5   0   0   0   6   5   5   1   2   2
  40   5  12   JMP   0  24      s[] :    0   0   0   5   0   0   0   6   5   5   1   2   2
  24   5  12   LOD   0   4      s[] :    0   0   0   5   0   0   0   6   5   5   1   2   2   5
  25   5  13   LOD   0   3      s[] :    0   0   0   5   0   0   0   6   5   5   1   2   2   5   5
  26   5  14   OPR   0  12      s[] :    0   0   0   5   0   0   0   6   5   5   1   2   2   0
  27   5  13   JPC   0  46      s[] :    0   0   0   5   0   0   0   6   5   5   1   2   2
  28   5  12   LOD   0   5      s[] :    0   0   0   5   0   0   0   6   5   5   1   2   2   1
  29   5  13   LOD   0   6      s[] :    0   0   0   5   0   0   0   6   5   5   1   2   2   1   2
  30   5  14   OPR   0   2      s[] :    0   0   0   5   0   0   0   6   5   5   1   2   2   3
  31   5  13   STO   0   7      s[] :    0   0   0   5   0   0   0   6   5   5   1   2   3
  32   5  12   LOD   0   6      s[] :    0   0   0   5   0   0   0   6   5   5   1   2   3   2
  33   5  13   STO   0   5      s[] :    0   0   0   5   0   0   0   6   5   5   2   2   3
  34   5  12   LOD   0   7      s[] :    0   0   0   5   0   0   0   6   5   5   2   2   3   3
  35   5  13   STO   0   6      s[] :    0   0   0   5   0   0   0   6   5   5   2   3   3
  36   5  12   LOD   0   4      s[] :    0   0   0   5   0   0   0   6   5   5   2   3   3   5
  37   5  13   LIT   0   1      s[] :    0   0   0   5   0   0   0   6   5   5   2   3   3   5   1
  38   5  14   OPR   0   2      s[] :    0   0   0   5   0   0   0   6   5   5   2   3   3   6
  39   5  13   STO   0   4      s[] :    0   0   0   5   0   0   0   6   5   6   2   3   3
  40   5  12   JMP   0  24      s[] :    0   0   0   5   0   0   0   6   5   6   2   3   3
  24   5  12   LOD   0   4      s[] :    0   0   0   5   0   0   0   6   5   6   2   3   3   6
  25   5  13   LOD   0   3      s[] :    0   0   0   5   0   0   0   6   5   6   2   3   3   6   5
  26   5  14   OPR   0  12      s[] :    0   0   0   5   0   0   0   6   5   6   2   3   3   1
  27   5  13   JPC   0  46      s[] :    0   0   0   5   0   0   0   6   5   6   2   3   3
  46   5  12   OPR   0   0      s[] :    0   0   0   5   0
   6   0   4   LOD   0  12      s[] :    0   0   0   5   0   3
   7   0   5   STO   0   4      s[] :    0   0   0   5   3
   8   0   4   OPR   0   0      s[] :
 === === ===   === === ===             === === === === === === === === === === === === === === ===
 p   b   t     f   l   a                 0   1   2   3   4   5   6   7   8   9  10  11  12  13  14
 end pl/0