 start pl/0
 p   b   t     f   l   a                 0   1   2   3   4   5   6   7   8   9  10  11  12  13  14
 === === ===   === === ===             === === === === === === === === === === === === === === ===
   0   0  -1   INT   0   5      s[] :    0   0   0   0   0
   1   0   4   LIT   0   4      s[] :    0   0   0   0   0   4
   2   0   5   STO   0   3      s[] :    0   0   0   4   0
   3   0   4   LOD   0   3      s[] :    0   0   0   4   0   4
   4   0   5   STO   0   8      s[] :    0   0   0   4   0
   5   0   4   CAL   0   9      s[] :    0   0   0   4   0
   9   5   4   INT   0   5      s[] :    0   0   0   4   0   0   0   6   4   0
  10   5   9   LOD   0   3      s[] :    0   0   0   4   0   0   0   6   4   0   4
  11   5  10   LIT   0   1      s[] :    0   0   0   4   0   0   0   6   4   0   4   1
  12   5  11   OPR   0   8      s[] :    0   0   0   4   0   0   0   6   4   0   0
  13   5  10   JPC   0  26      s[] :    0   0   0   4   0   0   0   6   4   0
  14   5   9   LOD   0   3      s[] :    0   0   0   4   0   0   0   6   4   0   4
  15   5  10   LIT   0   1      s[] :    0   0   0   4   0   0   0   6   4   0   4   1
  16   5  11   OPR   0   3      s[] :    0   0   0   4   0   0   0   6   4   0   3
  17   5  10   STO   0   8      s[] :    0   0   0   4   0   0   0   6   4   0
  18   5   9   CAL   0   9      s[] :    0   0   0   4   0   0   0   6   4   0
   9  10   9   INT   0   5      s[] :    0   0   0   4   0   0   0   6   4   0   5   5  19   3   0
  10  10  14   LOD   0   3      s[] :    0   0   0   4   0   0   0   6   4   0   5   5  19   3   0   3
  11  10  15   LIT   0   1      s[] :    0   0   0   4   0   0   0   6   4   0   5   5  19   3   0   3   1
  12  10  16   OPR   0   8      s[] :    0   0   0   4   0   0   0   6   4   0   5   5  19   3   0   0
  13  10  15   JPC   0  26      s[] :    0   0   0   4   0   0   0   6   4   0   5   5  19   3   0
  14  10  14   LOD   0   3      s[] :    0   0   0   4   0   0   0   6   4   0   5   5  19   3   0   3
  15  10  15   LIT   0   1      s[] :    0   0   0   4   0   0   0   6   4   0   5   5  19   3   0   3   1
  16  10  16   OPR   0   3      s[] :    0   0   0   4   0   0   0   6   4   0   5   5  19   3   0   2
  17  10  15   STO   0   8      s[] :    0   0   0   4   0   0   0   6   4   0   5   5  19   3   0
  18  10  14   CAL   0   9      s[] :    0   0   0   4   0   0   0   6   4   0   5   5  19   3   0
   9  15  14   INT   0   5      s[] :    0   0   0   4   0   0   0   6   4   0   5   5  19   3   0  10  10  19   2   0
  10  15  19   LOD   0   3      s[] :    0   0   0   4   0   0   0   6   4   0   5   5  19   3   0  10  10  19   2   0   2
  11  15  20   LIT   0   1      s[] :    0   0   0   4   0   0   0   6   4   0   5   5  19   3   0  10  10  19   2   0   2   1
  12  15  21   OPR   0   8      s[] :    0   0   0   4   0   0   0   6   4   0   5   5  19   3   0  10  10  19   2   0   0
  13  15  20   JPC   0  26      s[] :    0   0   0   4   0   0   0   6   4   0   5   5  19   3   0  10  10  19   2   0
  14  15  19   LOD   0   3      s[] :    0   0   0   4   0   0   0   6   4   0   5   5  19   3   0  10  10  19   2   0   2
  15  15  20   LIT   0   1      s[] :    0   0   0   4   0   0   0   6   4   0   5   5  19   3   0  10  10  19   2   0   2   1
  16  15  21   OPR   0   3      s[] :    0   0   0   4   0   0   0   6   4   0   5   5  19   3   0  10  10  19   2   0   1
  17  15  20   STO   0   8      s[] :    0   0   0   4   0   0   0   6   4   0   5   5  19   3   0  10  10  19   2   0
  18  15  19   CAL   0   9      s[] :    0   0   0   4   0   0   0   6   4   0   5   5  19   3   0  10  10  19   2   0
   9  20  19   INT   0   5      s[] :    0   0   0   4   0   0   0   6   4   0   5   5  19   3   0  10  10  19   2   0  15  15  19   1   0
  10  20  24   LOD   0   3      s[] :    0   0   0   4   0   0   0   6   4   0   5   5  19   3   0  10  10  19   2   0  15  15  19   1   0   1
  11  20  25   LIT   0   1      s[] :    0   0   0   4   0   0   0   6   4   0   5   5  19   3   0  10  10  19   2   0  15  15  19   1   0   1   1
  12  20  26   OPR   0   8      s[] :    0   0   0   4   0   0   0   6   4   0   5   5  19   3   0  10  10  19   2   0  15  15  19   1   0   1
  13  20  25   JPC   0  26      s[] :    0   0   0   4   0   0   0   6   4   0   5   5  19   3   0  10  10  19   2   0  15  15  19   1   0
  26  20  24   LIT   0   1      s[] :    0   0   0   4   0   0   0   6   4   0   5   5  19   3   0  10  10  19   2   0  15  15  19   1   0   1
  27  20  25   STO   0   4      s[] :    0   0   0   4   0   0   0   6   4   0   5   5  19   3   0  10  10  19   2   0  15  15  19   1   1
  28  20  24   OPR   0   0      s[] :    0   0   0   4   0   0   0   6   4   0   5   5  19   3   0  10  10  19   2   0
  19  15  19   LOD   0   9      s[] :    0   0   0   4   0   0   0   6   4   0   5   5  19   3   0  10  10  19   2   0   1
  20  15  20   STO   0   4      s[] :    0   0   0   4   0   0   0   6   4   0   5   5  19   3   0  10  10  19   2   1
  21  15  19   LOD   0   4      s[] :    0   0   0   4   0   0   0   6   4   0   5   5  19   3   0  10  10  19   2   1   1
  22  15  20   LOD   0   3      s[] :    0   0   0   4   0   0   0   6   4   0   5   5  19   3   0  10  10  19   2   1   1   2
  23  15  21   OPR   0   4      s[] :    0   0   0   4   0   0   0   6   4   0   5   5  19   3   0  10  10  19   2   1   2
  24  15  20   STO   0   4      s[] :    0   0   0   4   0   0   0   6   4   0   5   5  19   3   0  10  10  19   2   2
  25  15  19   OPR   0   0      s[] :    0   0   0   4   0   0   0   6   4   0   5   5  19   3   0
  19  10  14   LOD   0   9      s[] :    0   0   0   4   0   0   0   6   4   0   5   5  19   3   0   2
  20  10  15   STO   0   4      s[] :    0   0   0   4   0   0   0   6   4   0   5   5  19   3   2
  21  10  14   LOD   0   4      s[] :    0   0   0   4   0   0   0   6   4   0   5   5  19   3   2   2
  22  10  15   LOD   0   3      s[] :    0   0   0   4   0   0   0   6   4   0   5   5  19   3   2   2   3
  23  10  16   OPR   0   4      s[] :    0   0   0   4   0   0   0   6   4   0   5   5  19   3   2   6
  24  10  15   STO   0   4      s[] :    0   0   0   4   0   0   0   6   4   0   5   5  19   3   6
  25  10  14   OPR   0   0      s[] :    0   0   0   4   0   0   0   6   4   0
  19   5   9   LOD   0   9      s[] :    0   0   0   4   0   0   0   6   4   0   6
  20   5  10   STO   0   4      s[] :    0   0   0   4   0   0   0   6   4   6
  21   5   9   LOD   0   4      s[] :    0   0   0   4   0   0   0   6   4   6   6
  22   5  10   LOD   0   3      s[] :    0   0   0   4   0   0   0   6   4   6   6   4
  23   5  11   OPR   0   4      s[] :    0   0   0   4   0   0   0   6   4   6  24
  24   5  10   STO   0   4      s[] :    0   0   0   4   0   0   0   6   4  24
  25   5   9   OPR   0   0      s[] :    0   0   0   4   0
   6   0   4   LOD   0   9      s[] :    0   0   0   4   0  24
   7   0   5   STO   0   4      s[] :    0   0   0   4  24
   8   0   4   OPR   0   0      s[] :
 === === ===   === === ===             === === === === === === === === === === === === === === ===
 p   b   t     f   l   a                 0   1   2   3   4   5   6   7   8   9  10  11  12  13  14
 end pl/0