 start pl/0
 p   b   t     f   l   a                 0   1   2   3   4   5   6   7   8   9  10  11  12  13  14
 === === ===   === === ===             === === === === === === === === === === === === === === ===
   0   0  -1   INT   0   5      s[] :    0   0   0   0   0
   1   0   4   LIT   0   5      s[] :    0   0   0   0   0   5
   2   0   5   STO   0   3      s[] :    0   0   0   5   0
   3   0   4   LOD   0   3      s[] :    0   0   0   5   0   5
   4   0   5   STO   0   8      s[] :    0   0   0   5   0
   5   0   4   CAL   0   9      s[] :    0   0   0   5   0
   9   5   4   INT   0   7      s[] :    0   0   0   5   0   0   0   6   5   0   0   0
  10   5  11   LOD   0   3      s[] :    0   0   0   5   0   0   0   6   5   0   0   0   5
  11   5  12   LIT   0   1      s[] :    0   0   0   5   0   0   0   6   5   0   0   0   5   1
  12   5  13   OPR   0   8      s[] :    0   0   0   5   0   0   0   6   5   0   0   0   0
  13   5  12   JPC   0  37      s[] :    0   0   0   5   0   0   0   6   5   0   0   0
  14   5  11   LOD   0   3      s[] :    0   0   0   5   0   0   0   6   5   0   0   0   5
  15   5  12   LIT   0   2      s[] :    0   0   0   5   0   0   0   6   5   0   0   0   5   2
  16   5  13   OPR   0   8      s[] :    0   0   0   5   0   0   0   6   5   0   0   0   0
  17   5  12   JPC   0  40      s[] :    0   0   0   5   0   0   0   6   5   0   0   0
  18   5  11   LOD   0   3      s[] :    0   0   0   5   0   0   0   6   5   0   0   0   5
  19   5  12   LIT   0   1      s[] :    0   0   0   5   0   0   0   6   5   0   0   0   5   1
  20   5  13   OPR   0   3      s[] :    0   0   0   5   0   0   0   6   5   0   0   0   4
  21   5  12   STO   0  10      s[] :    0   0   0   5   0   0   0   6   5   0   0   0
  22   5  11   CAL   0   9      s[] :    0   0   0   5   0   0   0   6   5   0   0   0
   9  12  11   INT   0   7      s[] :    0   0   0   5   0   0   0   6   5   0   0   0   5   5  23   4   0   0   0
  10  12  18   LOD   0   3      s[] :    0   0   0   5   0   0   0   6   5   0   0   0   5   5  23   4   0   0   0   4
  11  12  19   LIT   0   1      s[] :    0   0   0   5   0   0   0   6   5   0   0   0   5   5  23   4   0   0   0   4   1
  12  12  20   OPR   0   8      s[] :    0   0   0   5   0   0   0   6   5   0   0   0   5   5  23   4   0   0   0   0
  13  12  19   JPC   0  37      s[] :    0   0   0   5   0   0   0   6   5   0   0   0   5   5  23   4   0   0   0
  14  12  18   LOD   0   3      s[] :    0   0   0   5   0   0   0   6   5   0   0   0   5   5  23   4   0   0   0   4
  15  12  19   LIT   0   2      s[] :    0   0   0   5   0   0   0   6   5   0   0   0   5   5  23   4   0   0   0   4   2
  16  12  20   OPR   0   8      s[] :    0   0   0   5   0   0   0   6   5   0   0   0   5   5  23   4   0   0   0   0
  17  12  19   JPC   0  40      s[] :    0   0   0   5   0   0   0   6   5   0   0   0   5   5  23   4   0   0   0
  18  12  18   LOD   0   3      s[] :    0   0   0   5   0   0   0   6   5   0   0   0   5   5  23   4   0   0   0   4
  19  12  19   LIT   0   1      s[] :    0   0   0   5   0   0   0   6   5   0   0   0   5   5  23   4   0   0   0   4   1
  20  12  20   OPR   0   3      s[] :    0   0   0   5   0   0   0   6   5   0   0   0   5   5  23   4   0   0   0   3
  21  12  19   STO   0  10      s[] :    0   0   0   5   0   0   0   6   5   0   0   0   5   5  23   4   0   0   0
  22  12  18   CAL   0   9      s[] :    0   0   0   5   0   0   0   6   5   0   0   0   5   5  23   4   0   0   0
   9  19  18   INT   0   7      s[] :    0   0   0   5   0   0   0   6   5   0   0   0   5   5  23   4   0   0   0  12  12  23   3   0   0   0
  10  19  25   LOD   0   3      s[] :    0   0   0   5   0   0   0   6   5   0   0   0   5   5  23   4   0   0   0  12  12  23   3   0   0   0   3
  11  19  26   LIT   0   1      s[] :    0   0   0   5   0   0   0   6   5   0   0   0   5   5  23   4   0   0   0  12  12  23   3   0   0   0   3   1
  12  19  27   OPR   0   8      s[] :    0   0   0   5   0   0   0   6   5   0   0   0   5   5  23   4   0   0   0  12  12  23   3   0   0   0   0
  13  19  26   JPC   0  37      s[] :    0   0   0   5   0   0   0   6   5   0   0   0   5   5  23   4   0   0   0  12  12  23   3   0   0   0
  14  19  25   LOD   0   3      s[] :    0   0   0   5   0   0   0   6   5   0   0   0   5   5  23   4   0   0   0  12  12  23   3   0   0   0   3
  15  19  26   LIT   0   2      s[] :    0   0   0   5   0   0   0   6   5   0   0   0   5   5  23   4   0   0   0  12  12  23   3   0   0   0   3   2
  16  19  27   OPR   0   8      s[] :    0   0   0   5   0   0   0   6   5   0   0   0   5   5  23   4   0   0   0  12  12  23   3   0   0   0   0
  17  19  26   JPC   0  40      s[] :    0   0   0   5   0   0   0   6   5   0   0   0   5   5  23   4   0   0   0  12  12  23   3   0   0   0
  18  19  25   LOD   0   3      s[] :    0   0   0   5   0   0   0   6   5   0   0   0   5   5  23   4   0   0   0  12  12  23   3   0   0   0   3
  19  19  26   LIT   0   1      s[] :    0   0   0   5   0   0   0   6   5   0   0   0   5   5  23   4   0   0   0  12  12  23   3   0   0   0   3   1
  20  19  27   OPR   0   3      s[] :    0   0   0   5   0   0   0   6   5   0   0   0   5   5  23   4   0   0   0  12  12  23   3   0   0   0   2
  21  19  26   STO   0  10      s[] :    0   0   0   5   0   0   0   6   5   0   0   0   5   5  23   4   0   0   0  12  12  23   3   0   0   0
  22  19  25   CAL   0   9      s[] :    0   0   0   5   0   0   0   6   5   0   0   0   5   5  23   4   0   0   0  12  12  23   3   0   0   0
   9  26  25   INT   0   7      s[] :    0   0   0   5   0   0   0   6   5   0   0   0   5   5  23   4   0   0   0  12  12  23   3   0   0   0  19  19  23   2   0   0   0
  10  26  32   LOD   0   3      s[] :    0   0   0   5   0   0   0   6   5   0   0   0   5   5  23   4   0   0   0  12  12  23   3   0   0   0  19  19  23   2   0   0   0   2
  11  26  33   LIT   0   1      s[] :    0   0   0   5   0   0   0   6   5   0   0   0   5   5  23   4   0   0   0  12  12  23   3   0   0   0  19  19  23   2   0   0   0   2   1
  12  26  34   OPR   0   8      s[] :    0   0   0   5   0   0   0   6   5   0   0   0   5   5  23   4   0   0   0  12  12  23   3   0   0   0  19  19  23   2   0   0   0   0
  13  26  33   JPC   0  37      s[] :    0   0   0   5   0   0   0   6   5   0   0   0   5   5  23   4   0   0   0  12  12  23   3   0   0   0  19  19  23   2   0   0   0
  14  26  32   LOD   0   3      s[] :    0   0   0   5   0   0   0   6   5   0   0   0   5   5  23   4   0   0   0  12  12  23   3   0   0   0  19  19  23   2   0   0   0   2
  15  26  33   LIT   0   2      s[] :    0   0   0   5   0   0   0   6   5   0   0   0   5   5  23   4   0   0   0  12  12  23   3   0   0   0  19  19  23   2   0   0   0   2   2
  16  26  34   OPR   0   8      s[] :    0   0   0   5   0   0   0   6   5   0   0   0   5   5  23   4   0   0   0  12  12  23   3   0   0   0  19  19  23   2   0   0   0   1
  17  26  33   JPC   0  40      s[] :    0   0   0   5   0   0   0   6   5   0   0   0   5   5  23   4   0   0   0  12  12  23   3   0   0   0  19  19  23   2   0   0   0
  40  26  32   LIT   0   1      s[] :    0   0   0   5   0   0   0   6   5   0   0   0   5   5  23   4   0   0   0  12  12  23   3   0   0   0  19  19  23   2   0   0   0   1
  41  26  33   STO   0   6      s[] :    0   0   0   5   0   0   0   6   5   0   0   0   5   5  23   4   0   0   0  12  12  23   3   0   0   0  19  19  23   2   0   0   1
  42  26  32   OPR   0   0      s[] :    0   0   0   5   0   0   0   6   5   0   0   0   5   5  23   4   0   0   0  12  12  23   3   0   0   0
  23  19  25   LOD   0  13      s[] :    0   0   0   5   0   0   0   6   5   0   0   0   5   5  23   4   0   0   0  12  12  23   3   0   0   0   1
  24  19  26   STO   0   4      s[] :    0   0   0   5   0   0   0   6   5   0   0   0   5   5  23   4   0   0   0  12  12  23   3   1   0   0
  25  19  25   LOD   0   3      s[] :    0   0   0   5   0   0   0   6   5   0   0   0   5   5  23   4   0   0   0  12  12  23   3   1   0   0   3
  26  19  26   LIT   0   2      s[] :    0   0   0   5   0   0   0   6   5   0   0   0   5   5  23   4   0   0   0  12  12  23   3   1   0   0   3   2
  27  19  27   OPR   0   3      s[] :    0   0   0   5   0   0   0   6   5   0   0   0   5   5  23   4   0   0   0  12  12  23   3   1   0   0   1
  28  19  26   STO   0  10      s[] :    0   0   0   5   0   0   0   6   5   0   0   0   5   5  23   4   0   0   0  12  12  23   3   1   0   0
  29  19  25   CAL   0   9      s[] :    0   0   0   5   0   0   0   6   5   0   0   0   5   5  23   4   0   0   0  12  12  23   3   1   0   0
   9  26  25   INT   0   7      s[] :    0   0   0   5   0   0   0   6   5   0   0   0   5   5  23   4   0   0   0  12  12  23   3   1   0   0  19  19  30   1   0   0   1
  10  26  32   LOD   0   3      s[] :    0   0   0   5   0   0   0   6   5   0   0   0   5   5  23   4   0   0   0  12  12  23   3   1   0   0  19  19  30   1   0   0   1   1
  11  26  33   LIT   0   1      s[] :    0   0   0   5   0   0   0   6   5   0   0   0   5   5  23   4   0   0   0  12  12  23   3   1   0   0  19  19  30   1   0   0   1   1   1
  12  26  34   OPR   0   8      s[] :    0   0   0   5   0   0   0   6   5   0   0   0   5   5  23   4   0   0   0  12  12  23   3   1   0   0  19  19  30   1   0   0   1   1
  13  26  33   JPC   0  37      s[] :    0   0   0   5   0   0   0   6   5   0   0   0   5   5  23   4   0   0   0  12  12  23   3   1   0   0  19  19  30   1   0   0   1
  37  26  32   LIT   0   0      s[] :    0   0   0   5   0   0   0   6   5   0   0   0   5   5  23   4   0   0   0  12  12  23   3   1   0   0  19  19  30   1   0   0   1   0
  38  26  33   STO   0   6      s[] :    0   0   0   5   0   0   0   6   5   0   0   0   5   5  23   4   0   0   0  12  12  23   3   1   0   0  19  19  30   1   0   0   0
  39  26  32   OPR   0   0      s[] :    0   0   0   5   0   0   0   6   5   0   0   0   5   5  23   4   0   0   0  12  12  23   3   1   0   0
  30  19  25   LOD   0  13      s[] :    0   0   0   5   0   0   0   6   5   0   0   0   5   5  23   4   0   0   0  12  12  23   3   1   0   0   0
  31  19  26   STO   0   5      s[] :    0   0   0   5   0   0   0   6   5   0   0   0   5   5  23   4   0   0   0  12  12  23   3   1   0   0
  32  19  25   LOD   0   4      s[] :    0   0   0   5   0   0   0   6   5   0   0   0   5   5  23   4   0   0   0  12  12  23   3   1   0   0   1
  33  19  26   LOD   0   5      s[] :    0   0   0   5   0   0   0   6   5   0   0   0   5   5  23   4   0   0   0  12  12  23   3   1   0   0   1   0
  34  19  27   OPR   0   2      s[] :    0   0   0   5   0   0   0   6   5   0   0   0   5   5  23   4   0   0   0  12  12  23   3   1   0   0   1
  35  19  26   STO   0   6      s[] :    0   0   0   5   0   0   0   6   5   0   0   0   5   5  23   4   0   0   0  12  12  23   3   1   0   1
  36  19  25   OPR   0   0      s[] :    0   0   0   5   0   0   0   6   5   0   0   0   5   5  23   4   0   0   0
  23  12  18   LOD   0  13      s[] :    0   0   0   5   0   0   0   6   5   0   0   0   5   5  23   4   0   0   0   1
  24  12  19   STO   0   4      s[] :    0   0   0   5   0   0   0   6   5   0   0   0   5   5  23   4   1   0   0
  25  12  18   LOD   0   3      s[] :    0   0   0   5   0   0   0   6   5   0   0   0   5   5  23   4   1   0   0   4
  26  12  19   LIT   0   2      s[] :    0   0   0   5   0   0   0   6   5   0   0   0   5   5  23   4   1   0   0   4   2
  27  12  20   OPR   0   3      s[] :    0   0   0   5   0   0   0   6   5   0   0   0   5   5  23   4   1   0   0   2
  28  12  19   STO   0  10      s[] :    0   0   0   5   0   0   0   6   5   0   0   0   5   5  23   4   1   0   0
  29  12  18   CAL   0   9      s[] :    0   0   0   5   0   0   0   6   5   0   0   0   5   5  23   4   1   0   0
   9  19  18   INT   0   7      s[] :    0   0   0   5   0   0   0   6   5   0   0   0   5   5  23   4   1   0   0  12  12  30   2   1   0   1
  10  19  25   LOD   0   3      s[] :    0   0   0   5   0   0   0   6   5   0   0   0   5   5  23   4   1   0   0  12  12  30   2   1   0   1   2
  11  19  26   LIT   0   1      s[] :    0   0   0   5   0   0   0   6   5   0   0   0   5   5  23   4   1   0   0  12  12  30   2   1   0   1   2   1
  12  19  27   OPR   0   8      s[] :    0   0   0   5   0   0   0   6   5   0   0   0   5   5  23   4   1   0   0  12  12  30   2   1   0   1   0
  13  19  26   JPC   0  37      s[] :    0   0   0   5   0   0   0   6   5   0   0   0   5   5  23   4   1   0   0  12  12  30   2   1   0   1
  14  19  25   LOD   0   3      s[] :    0   0   0   5   0   0   0   6   5   0   0   0   5   5  23   4   1   0   0  12  12  30   2   1   0   1   2
  15  19  26   LIT   0   2      s[] :    0   0   0   5   0   0   0   6   5   0   0   0   5   5  23   4   1   0   0  12  12  30   2   1   0   1   2   2
  16  19  27   OPR   0   8      s[] :    0   0   0   5   0   0   0   6   5   0   0   0   5   5  23   4   1   0   0  12  12  30   2   1   0   1   1
  17  19  26   JPC   0  40      s[] :    0   0   0   5   0   0   0   6   5   0   0   0   5   5  23   4   1   0   0  12  12  30   2   1   0   1
  40  19  25   LIT   0   1      s[] :    0   0   0   5   0   0   0   6   5   0   0   0   5   5  23   4   1   0   0  12  12  30   2   1   0   1   1
  41  19  26   STO   0   6      s[] :    0   0   0   5   0   0   0   6   5   0   0   0   5   5  23   4   1   0   0  12  12  30   2   1   0   1
  42  19  25   OPR   0   0      s[] :    0   0   0   5   0   0   0   6   5   0   0   0   5   5  23   4   1   0   0
  30  12  18   LOD   0  13      s[] :    0   0   0   5   0   0   0   6   5   0   0   0   5   5  23   4   1   0   0   1
  31  12  19   STO   0   5      s[] :    0   0   0   5   0   0   0   6   5   0   0   0   5   5  23   4   1   1   0
  32  12  18   LOD   0   4      s[] :    0   0   0   5   0   0   0   6   5   0   0   0   5   5  23   4   1   1   0   1
  33  12  19   LOD   0   5      s[] :    0   0   0   5   0   0   0   6   5   0   0   0   5   5  23   4   1   1   0   1   1
  34  12  20   OPR   0   2      s[] :    0   0   0   5   0   0   0   6   5   0   0   0   5   5  23   4   1   1   0   2
  35  12  19   STO   0   6      s[] :    0   0   0   5   0   0   0   6   5   0   0   0   5   5  23   4   1   1   2
  36  12  18   OPR   0   0      s[] :    0   0   0   5   0   0   0   6   5   0   0   0
  23   5  11   LOD   0  13      s[] :    0   0   0   5   0   0   0   6   5   0   0   0   2
  24   5  12   STO   0   4      s[] :    0   0   0   5   0   0   0   6   5   2   0   0
  25   5  11   LOD   0   3      s[] :    0   0   0   5   0   0   0   6   5   2   0   0   5
  26   5  12   LIT   0   2      s[] :    0   0   0   5   0   0   0   6   5   2   0   0   5   2
  27   5  13   OPR   0   3      s[] :    0   0   0   5   0   0   0   6   5   2   0   0   3
  28   5  12   STO   0  10      s[] :    0   0   0   5   0   0   0   6   5   2   0   0
  29   5  11   CAL   0   9      s[] :    0   0   0   5   0   0   0   6   5   2   0   0
   9  12  11   INT   0   7      s[] :    0   0   0   5   0   0   0   6   5   2   0   0   5   5  30   3   1   1   2
  10  12  18   LOD   0   3      s[] :    0   0   0   5   0   0   0   6   5   2   0   0   5   5  30   3   1   1   2   3
  11  12  19   LIT   0   1      s[] :    0   0   0   5   0   0   0   6   5   2   0   0   5   5  30   3   1   1   2   3   1
  12  12  20   OPR   0   8      s[] :    0   0   0   5   0   0   0   6   5   2   0   0   5   5  30   3   1   1   2   0
  13  12  19   JPC   0  37      s[] :    0   0   0   5   0   0   0   6   5   2   0   0   5   5  30   3   1   1   2
  14  12  18   LOD   0   3      s[] :    0   0   0   5   0   0   0   6   5   2   0   0   5   5  30   3   1   1   2   3
  15  12  19   LIT   0   2      s[] :    0   0   0   5   0   0   0   6   5   2   0   0   5   5  30   3   1   1   2   3   2
  16  12  20   OPR   0   8      s[] :    0   0   0   5   0   0   0   6   5   2   0   0   5   5  30   3   1   1   2   0
  17  12  19   JPC   0  40      s[] :    0   0   0   5   0   0   0   6   5   2   0   0   5   5  30   3   1   1   2
  18  12  18   LOD   0   3      s[] :    0   0   0   5   0   0   0   6   5   2   0   0   5   5  30   3   1   1   2   3
  19  12  19   LIT   0   1      s[] :    0   0   0   5   0   0   0   6   5   2   0   0   5   5  30   3   1   1   2   3   1
  20  12  20   OPR   0   3      s[] :    0   0   0   5   0   0   0   6   5   2   0   0   5   5  30   3   1   1   2   2
  21  12  19   STO   0  10      s[] :    0   0   0   5   0   0   0   6   5   2   0   0   5   5  30   3   1   1   2
  22  12  18   CAL   0   9      s[] :    0   0   0   5   0   0   0   6   5   2   0   0   5   5  30   3   1   1   2
   9  19  18   INT   0   7      s[] :    0   0   0   5   0   0   0   6   5   2   0   0   5   5  30   3   1   1   2  12  12  23   2   1   0   1
  10  19  25   LOD   0   3      s[] :    0   0   0   5   0   0   0   6   5   2   0   0   5   5  30   3   1   1   2  12  12  23   2   1   0   1   2
  11  19  26   LIT   0   1      s[] :    0   0   0   5   0   0   0   6   5   2   0   0   5   5  30   3   1   1   2  12  12  23   2   1   0   1   2   1
  12  19  27   OPR   0   8      s[] :    0   0   0   5   0   0   0   6   5   2   0   0   5   5  30   3   1   1   2  12  12  23   2   1   0   1   0
  13  19  26   JPC   0  37      s[] :    0   0   0   5   0   0   0   6   5   2   0   0   5   5  30   3   1   1   2  12  12  23   2   1   0   1
  14  19  25   LOD   0   3      s[] :    0   0   0   5   0   0   0   6   5   2   0   0   5   5  30   3   1   1   2  12  12  23   2   1   0   1   2
  15  19  26   LIT   0   2      s[] :    0   0   0   5   0   0   0   6   5   2   0   0   5   5  30   3   1   1   2  12  12  23   2   1   0   1   2   2
  16  19  27   OPR   0   8      s[] :    0   0   0   5   0   0   0   6   5   2   0   0   5   5  30   3   1   1   2  12  12  23   2   1   0   1   1
  17  19  26   JPC   0  40      s[] :    0   0   0   5   0   0   0   6   5   2   0   0   5   5  30   3   1   1   2  12  12  23   2   1   0   1
  40  19  25   LIT   0   1      s[] :    0   0   0   5   0   0   0   6   5   2   0   0   5   5  30   3   1   1   2  12  12  23   2   1   0   1   1
  41  19  26   STO   0   6      s[] :    0   0   0   5   0   0   0   6   5   2   0   0   5   5  30   3   1   1   2  12  12  23   2   1   0   1
  42  19  25   OPR   0   0      s[] :    0   0   0   5   0   0   0   6   5   2   0   0   5   5  30   3   1   1   2
  23  12  18   LOD   0  13      s[] :    0   0   0   5   0   0   0   6   5   2   0   0   5   5  30   3   1   1   2   1
  24  12  19   STO   0   4      s[] :    0   0   0   5   0   0   0   6   5   2   0   0   5   5  30   3   1   1   2
  25  12  18   LOD   0   3      s[] :    0   0   0   5   0   0   0   6   5   2   0   0   5   5  30   3   1   1   2   3
  26  12  19   LIT   0   2      s[] :    0   0   0   5   0   0   0   6   5   2   0   0   5   5  30   3   1   1   2   3   2
  27  12  20   OPR   0   3      s[] :    0   0   0   5   0   0   0   6   5   2   0   0   5   5  30   3   1   1   2   1
  28  12  19   STO   0  10      s[] :    0   0   0   5   0   0   0   6   5   2   0   0   5   5  30   3   1   1   2
  29  12  18   CAL   0   9      s[] :    0   0   0   5   0   0   0   6   5   2   0   0   5   5  30   3   1   1   2
   9  19  18   INT   0   7      s[] :    0   0   0   5   0   0   0   6   5   2   0   0   5   5  30   3   1   1   2  12  12  30   1   1   0   1
  10  19  25   LOD   0   3      s[] :    0   0   0   5   0   0   0   6   5   2   0   0   5   5  30   3   1   1   2  12  12  30   1   1   0   1   1
  11  19  26   LIT   0   1      s[] :    0   0   0   5   0   0   0   6   5   2   0   0   5   5  30   3   1   1   2  12  12  30   1   1   0   1   1   1
  12  19  27   OPR   0   8      s[] :    0   0   0   5   0   0   0   6   5   2   0   0   5   5  30   3   1   1   2  12  12  30   1   1   0   1   1
  13  19  26   JPC   0  37      s[] :    0   0   0   5   0   0   0   6   5   2   0   0   5   5  30   3   1   1   2  12  12  30   1   1   0   1
  37  19  25   LIT   0   0      s[] :    0   0   0   5   0   0   0   6   5   2   0   0   5   5  30   3   1   1   2  12  12  30   1   1   0   1   0
  38  19  26   STO   0   6      s[] :    0   0   0   5   0   0   0   6   5   2   0   0   5   5  30   3   1   1   2  12  12  30   1   1   0   0
  39  19  25   OPR   0   0      s[] :    0   0   0   5   0   0   0   6   5   2   0   0   5   5  30   3   1   1   2
  30  12  18   LOD   0  13      s[] :    0   0   0   5   0   0   0   6   5   2   0   0   5   5  30   3   1   1   2   0
  31  12  19   STO   0   5      s[] :    0   0   0   5   0   0   0   6   5   2   0   0   5   5  30   3   1   0   2
  32  12  18   LOD   0   4      s[] :    0   0   0   5   0   0   0   6   5   2   0   0   5   5  30   3   1   0   2   1
  33  12  19   LOD   0   5      s[] :    0   0   0   5   0   0   0   6   5   2   0   0   5   5  30   3   1   0   2   1   0
  34  12  20   OPR   0   2      s[] :    0   0   0   5   0   0   0   6   5   2   0   0   5   5  30   3   1   0   2   1
  35  12  19   STO   0   6      s[] :    0   0   0   5   0   0   0   6   5   2   0   0   5   5  30   3   1   0   1
  36  12  18   OPR   0   0      s[] :    0   0   0   5   0   0   0   6   5   2   0   0
  30   5  11   LOD   0  13      s[] :    0   0   0   5   0   0   0   6   5   2   0   0   1
  31   5  12   STO   0   5      s[] :    0   0   0   5   0   0   0   6   5   2   1   0
  32   5  11   LOD   0   4      s[] :    0   0   0   5   0   0   0   6   5   2   1   0   2
  33   5  12   LOD   0   5      s[] :    0   0   0   5   0   0   0   6   5   2   1   0   2   1
  34   5  13   OPR   0   2      s[] :    0   0   0   5   0   0   0   6   5   2   1   0   3
  35   5  12   STO   0   6      s[] :    0   0   0   5   0   0   0   6   5   2   1   3
  36   5  11   OPR   0   0      s[] :    0   0   0   5   0
   6   0   4   LOD   0  11      s[] :    0   0   0   5   0   3
   7   0   5   STO   0   4      s[] :    0   0   0   5   3
   8   0   4   OPR   0   0      s[] :
 === === ===   === === ===             === === === === === === === === === === === === === === ===
 p   b   t     f   l   a                 0   1   2   3   4   5   6   7   8   9  10  11  12  13  14
 end pl/0