 start pl/0
 p   b   t     f   l   a                 0   1   2   3   4   5   6   7   8   9  10  11  12  13  14
 === === ===   === === ===             === === === === === === === === === === === === === === ===
   0   0  -1   INT   0   5      s[] :    0   0   0   0   0
   1   0   4   LIT   0   4      s[] :    0   0   0   0   0   4
   2   0   5   STO   0   3      s[] :    0   0   0   4   0
   3   0   4   LOD   0   3      s[] :    0   0   0   4   0   4
   4   0   5   STO   0   8      s[] :    0   0   0   4   0
   5   0   4   CAL   0   9      s[] :    0   0   0   4   0
   9   5   4   INT   0   6      s[] :    0   0   0   4   0   0   0   6   4   0   0
  10   5  10   LIT   0   2      s[] :    0   0   0   4   0   0   0   6   4   0   0   2
  11   5  11   STO   0   4      s[] :    0   0   0   4   0   0   0   6   4   2   0
  12   5  10   LIT   0   1      s[] :    0   0   0   4   0   0   0   6   4   2   0   1
  13   5  11   STO   0   5      s[] :    0   0   0   4   0   0   0   6   4   2   1
  14   5  10   LOD   0   4      s[] :    0   0   0   4   0   0   0   6   4   2   1   2
  15   5  11   LOD   0   3      s[] :    0   0   0   4   0   0   0   6   4   2   1   2   4
  16   5  12   OPR   0  12      s[] :    0   0   0   4   0   0   0   6   4   2   1   0
  17   5  11   JPC   0  27      s[] :    0   0   0   4   0   0   0   6   4   2   1
  18   5  10   LOD   0   5      s[] :    0   0   0   4   0   0   0   6   4   2   1   1
  19   5  11   LOD   0   4      s[] :    0   0   0   4   0   0   0   6   4   2   1   1   2
  20   5  12   OPR   0   4      s[] :    0   0   0   4   0   0   0   6   4   2   1   2
  21   5  11   STO   0   5      s[] :    0   0   0   4   0   0   0   6   4   2   2
  22   5  10   LOD   0   4      s[] :    0   0   0   4   0   0   0   6   4   2   2   2
  23   5  11   LIT   0   1      s[] :    0   0   0   4   0   0   0   6   4   2   2   2   1
  24   5  12   OPR   0   2      s[] :    0   0   0   4   0   0   0   6   4   2   2   3
  25   5  11   STO   0   4      s[] :    0   0   0   4   0   0   0   6   4   3   2
  26   5  10   JMP   0  14      s[] :    0   0   0   4   0   0   0   6   4   3   2
  14   5  10   LOD   0   4      s[] :    0   0   0   4   0   0   0   6   4   3   2   3
  15   5  11   LOD   0   3      s[] :    0   0   0   4   0   0   0   6   4   3   2   3   4
  16   5  12   OPR   0  12      s[] :    0   0   0   4   0   0   0   6   4   3   2   0
  17   5  11   JPC   0  27      s[] :    0   0   0   4   0   0   0   6   4   3   2
  18   5  10   LOD   0   5      s[] :    0   0   0   4   0   0   0   6   4   3   2   2
  19   5  11   LOD   0   4      s[] :    0   0   0   4   0   0   0   6   4   3   2   2   3
  20   5  12   OPR   0   4      s[] :    0   0   0   4   0   0   0   6   4   3   2   6
  21   5  11   STO   0   5      s[] :    0   0   0   4   0   0   0   6   4   3   6
  22   5  10   LOD   0   4      s[] :    0   0   0   4   0   0   0   6   4   3   6   3
  23   5  11   LIT   0   1      s[] :    0   0   0   4   0   0   0   6   4   3   6   3   1
  24   5  12   OPR   0   2      s[] :    0   0   0   4   0   0   0   6   4   3   6   4
  25   5  11   STO   0   4      s[] :    0   0   0   4   0   0   0   6   4   4   6
  26   5  10   JMP   0  14      s[] :    0   0   0   4   0   0   0   6   4   4   6
  14   5  10   LOD   0   4      s[] :    0   0   0   4   0   0   0   6   4   4   6   4
  15   5  11   LOD   0   3      s[] :    0   0   0   4   0   0   0   6   4   4   6   4   4
  16   5  12   OPR   0  12      s[] :    0   0   0   4   0   0   0   6   4   4   6   0
  17   5  11   JPC   0  27      s[] :    0   0   0   4   0   0   0   6   4   4   6
  18   5  10   LOD   0   5      s[] :    0   0   0   4   0   0   0   6   4   4   6   6
  19   5  11   LOD   0   4      s[] :    0   0   0   4   0   0   0   6   4   4   6   6   4
  20   5  12   OPR   0   4      s[] :    0   0   0   4   0   0   0   6   4   4   6  24
  21   5  11   STO   0   5      s[] :    0   0   0   4   0   0   0   6   4   4  24
  22   5  10   LOD   0   4      s[] :    0   0   0   4   0   0   0   6   4   4  24   4
  23   5  11   LIT   0   1      s[] :    0   0   0   4   0   0   0   6   4   4  24   4   1
  24   5  12   OPR   0   2      s[] :    0   0   0   4   0   0   0   6   4   4  24   5
  25   5  11   STO   0   4      s[] :    0   0   0   4   0   0   0   6   4   5  24
  26   5  10   JMP   0  14      s[] :    0   0   0   4   0   0   0   6   4   5  24
  14   5  10   LOD   0   4      s[] :    0   0   0   4   0   0   0   6   4   5  24   5
  15   5  11   LOD   0   3      s[] :    0   0   0   4   0   0   0   6   4   5  24   5   4
  16   5  12   OPR   0  12      s[] :    0   0   0   4   0   0   0   6   4   5  24   1
  17   5  11   JPC   0  27      s[] :    0   0   0   4   0   0   0   6   4   5  24
  27   5  10   OPR   0   0      s[] :    0   0   0   4   0
   6   0   4   LOD   0  10      s[] :    0   0   0   4   0  24
   7   0   5   STO   0   4      s[] :    0   0   0   4  24
   8   0   4   OPR   0   0      s[] :
 === === ===   === === ===             === === === === === === === === === === === === === === ===
 p   b   t     f   l   a                 0   1   2   3   4   5   6   7   8   9  10  11  12  13  14
 end pl/0