Maria Eduarda Guedes Alves

Permutação de 4

===== Consulta =====

n = 4

1 2 3 4 
1 2 4 3 
1 3 2 4 
1 3 4 2 
1 4 3 2 
1 4 2 3 
2 1 3 4 
2 1 4 3 
2 3 1 4 
2 3 4 1 
2 4 3 1 
2 4 1 3
3 2 1 4
3 2 4 1
3 1 2 4
3 1 4 2
3 4 1 2
3 4 2 1
4 2 3 1
4 2 1 3
4 3 2 1
4 3 1 2
4 1 3 2
4 1 2 3

Tempo gasto: 17 ms


.
.
.



===== Consulta =====

n = 8

.
.
.

8 1 2 3 7 4 6 5
8 1 2 3 4 6 7 5
8 1 2 3 4 6 5 7
8 1 2 3 4 7 6 5
8 1 2 3 4 7 5 6
8 1 2 3 4 5 7 6
8 1 2 3 4 5 6 7

Tempo gasto: 27175 ms



===== Consulta =====

n = 9

.
.
.

9 1 2 3 4 8 6 5 7 
9 1 2 3 4 8 5 6 7
9 1 2 3 4 8 5 7 6
9 1 2 3 4 5 7 8 6
9 1 2 3 4 5 7 6 8
9 1 2 3 4 5 8 7 6
9 1 2 3 4 5 8 6 7
9 1 2 3 4 5 6 8 7
9 1 2 3 4 5 6 7 8

Tempo gasto: 187574 ms
